amnone srvmffl. ’ 141

Fouara. 11 64* . Feuara. 11 64*

 

 

 

  

4065547 4725577
4075548 4735578
4085549 4745579
409 5 520 475 5 580
4408552οα 4765584
444 5524 4775582
442-522 4785583
4435523 4795583α
4445523α 4805584
4455524 484 5585
44655240 4825586
4475525 4835587
4485526 4845588
4495527 4855589
420 5 528 486 5 590
424 5 528α 487 5 594
422 5 529 488 5 592
423 5 530 489 5 593
424 5 534 490 5 594
· 4255532 494 5595
426 5 533 492 5 596
427 5 534 493 5 597
428 5 535 494 5 598
429 5 536 495 5 599
4305 37 4965600
4345538 ’4975604
432 5 589 498 5 602
433 5540 4995603
434 5 544 200 5 604
435 5 542 204 5 605
436 5 543 202 5 606
437 5 544 203 5 606α
438 5 545 204 5 608
439 5 546 205 5 609
440 5 547 206 5 640
444 5 548 207 5 607
442 5 549 208 5 644
443 5 554 209 5 642
4445550 2405643
4455552 2445644
4465553 2425645
4475554 2435646
4485555 2445648
449 5 556 245 5 647
450 5 557 246 5 649
454 5 558 247 5 620
452 5 559 248 5 624
453 5 560 249 5 622
454 5 564 220 5 622α
455 5 562 224 = 623
456 5 563 222 5 624
457 5 564 223 5 625
458 5 565 224 5 626
459 5 566 225 5 627
460 5 567 226 5 628
464 5 568 , 227 5 629
462 5 569α 228 5 630
463 5. 569 229 5 634
464 5 570 230 5 632
465 5 57011 284 5 633
ζ’,ξ 2 ᾖ.. 5 544 466 5 574 232 5 634
m -ι ⁸⁴2 467 .-- 572 233 = 635
2 ⁴„ -3 543 468 5 573 234 5 636
1.›ss.' - 5⁴⁴ 469 5 574 235 5 6868
. 470 5 575 236 5 638
474 5 576 237 5 639

