xle PRAEFATIO.

tab inser. tab. inser. tab. inser. tab.
4 24 1 11 81 3 692 14
5 242 12 82 4 712 15
6 24 6 13 30 7 5 79 16
7 24 5 14 30 8 6 74 17
8 171 15 306 7 771 18
9 18 16 30 9 8 812 19
10 172 17 304 9 772 XII. 1
11 48(⁸¹¹P⁸¹'¹¹0 18 30 6 10 80 2
42 ρθὲἓῗῗω vll. 4 34 41 791 3
13 124 2 321 12 692 4
14 12 1 3 322 X. 1 82 5
15 122 4 33 1 2 86 9 6
16 9 6 5 21 not. 3 864 7
Ν. 1 9 13 6 38 5 4 86 1 8
2 9 15 7 38 17 5 86 7 9
3 9 16 8 382 6 86 8 10
4 9 12 9 383 7 877 11
5 94 10 39 8 95 12
6 9 14 11 412 9 874 13
7 9 3 12 113 2 10 88 14
8 9 1 13 40 1 11 88 15
9 9 19 14 43 12 89 16
V. ’1 9 18 15 42 13 84 1 17
2 9 1ο 16 451 14 732 , 18
3 11 17 45 3 15 75 19
4 10 18 114 16 101 20
5 27 1 19 113 2 17 96 21
6 27 2 VIII. 1 61 18 100 22
7 27 3 2 62 19 62* XIII. 1
8 28 3 66 2 20 20 2
9 29 1 4 66 1 21. 4 7 3
10 635 5 631 22 66* 3, 4
11 640 6 63 2 23 86 1ο 5
12 649 7 67 24 94 ’ 6
13 648 8 63 3 ΧΙ. 1 1* 7
14 6 18 9 68 4 2 χ2* 8
15 6 59 10 ’68 4 3 3³5 9
Vl. 1 646 11 685 4 4* 10
2 6 19 12 68 3 5 5* 11
3 643 13 682 61 6* 12
4 6 55 14 59 · 71 13
5 6 36 15 516 8 11* 14
6 6 54 16 518 9 8* 15
7 6 15 IX. 1 64 10 10* ’ 16
8 6 58 1α 64 11 14* 17
9 7 6 11) 64 12 7* 18
10 7 3 2 56 13 13*

 

